709.67
709.74
710.92
714.63
699.1
713.76
709.99
707.82
722.25
717.17
686.17
665.71
688.99
673.47
680.26
706.3
708.49
711.2
701.16
711.92
730.91
735.72
734.09
732.39
733.57
752.92
753.87
754.86
736.27
743
744.49
755.83
756.99
759.49
730.17
739.38
751.94
753.64
774.39
791.36
777.56
781.31
775.48
775.22
781.53
780.59
782.75
793.61
785.49
791.94
805.72
811.08
818.32
843.03
870.11
864.27
865.8
894
909.68
1024.86
1018.43
1037.86
1077.04
1114
1171.24
