406.4783333
391.6058333
392.7533333
406.8283333
410.6191667
416.6583333
415.9866667
431.405
438.9341667
389.83
383.845
386.5466667
373.69
376.3491667
383.8525
374.5791667
392.3125
401.0883333
397.9
394.0233333
402.5558333
393.6558333
357.255
338.7608333
362.93
373.91
356.8325
355.7233333
360.0283333
351.4383333
341.8525
346.14
365.1941667
401.2166667
397.2241667
401.6675
410.2275
428.9108333
461.0266667
448.1991667
449.2891667
457.8541667
455.7308333
478.9775
466.7991667
478.1675
477.8816667
513.9375
507.1758333
512.7291667
517.1358333
535.6541667
549.8258333
518.4183333
505.7525
510.9375
507.2208333
525.5583333
502.59
486.9841667
504.8541667
518.69
515.3341667
510.9133333
510.435
