145.52
147.36
146.95
147.06
146.14
146.09
145.6
145.86
148.89
149.1
151.12
150.19
146.36
146.7
148.19
149.71
149.62
148.36
147.54
148.6
153.12
151.83
152.51
153.65
154.3
156.69
155.11
154.07
148.97
149.55
148.12
149.03
148.79
146.06
142.94
143.43
145.85
146.83
146.92
145.37
141.91
142.83
141.5
142.65
139.14
141.11
142
143.29
142.9
142.81
141.51
140.91
143.76
144.84
146.55
148.76
149.26
149.48
148.69
148.64
149.32
148.85
152.57
149.8
148.87
