287.09
287.94
285.95
282.27
286.68
288.61
290.35
293.23
292.7
295.1
298.32
295.05
293.68
292.57
297.69
298.7
296.7
294.34
299.66
305.17
305.65
312.89
312.3
317.94
328.93
327.73
327.6
324.57
326.43
332.75
338.98
343.34
338.5
334.5
325.7
335.3
340.59
343.47
344.29
355.19
354.07
360.88
360.8
363.25
376.06
389.82
381.3
370.7
366.17
369.81
364.1
362.77
367
367.76
363.5
368.83
369.97
363.37
358.12
364.84
364.82
362.17
353.21
350.18
356.67
